2 x 3 

1 4 
2 3 
6 5 

2 x 3 

1 4 
3 2 
5 6 

3 x 3

1 6 3 
2 5 8 
7 4 9 

3 x 3

1 8 2 
6 3 9 
4 7 5 

2 7 1 
6 3 9 
5 8 4 

3 x 3

3 4 1 
2 5 8 
9 6 7 

7 x 3

4 16 19 2 1 17 5 
7 13 10 11 12 6 18 
20 14 9 8 15 21 3 

9 x 3

22 15 4 24 12 13 2 23 5 
27 10 21 7 19 6 17 8 26 
3 20 11 25 1 14 9 18 16 

6 x 5

28 23 27 12 26 1 
29 22 18 21 7 20 
17 24 16 13 15 2 
30 11 19 10 8 9 
6 25 5 14 4 3 

6 x 5

30 5 19 4 8 3 
11 24 10 13 9 2 
29 16 18 15 7 14 
22 23 21 12 20 1 
28 27 17 26 6 25 

11 x 3

20 23 25 2 1 22 5 33 14 24 3 
26 17 15 12 13 10 27 11 30 8 29 
19 28 4 7 18 21 16 32 9 31 6 

12 x 3

20 34 36 9 19 5 2 22 3 30 7 23 
28 26 24 21 11 13 16 8 27 6 29 1 
33 35 15 18 14 12 17 25 10 31 4 32 
